7 8
1 1 1 0 0 0
1 2 2 0 0 0
1 3 3 0 0 0
1 4 4 0 0 0
1 5 5 0 0 0
1 6 6 0 0 0
1 7 7 0 0 0
1 8 8 0 0 0
2 1 9 0 0 0
2 2 10 0 0 0
2 3 11 0 0 0
2 4 12 0 0 0
2 5 13 0 0 0
2 6 14 0 0 0
2 7 15 0 0 0
2 8 16 0 0 0
3 1 17 0 0 0
3 2 18 0 0 0
3 3 19 0 0 0
3 4 20 0 0 0
3 5 21 0 0 0
3 6 22 0 0 0
3 7 23 0 0 0
3 8 24 0 0 0
4 1 25 0 0 0
4 2 26 0 0 0
4 3 27 0 0 0
4 4 28 0 0 0
4 5 29 0 0 0
4 6 30 0 0 0
4 7 31 0 0 0
4 8 32 1 0 0
5 1 33 0 0 0
5 2 34 0 0 0
5 3 35 0 0 0
5 4 36 0 0 0
5 5 37 0 0 0
5 6 38 0 0 0
5 7 39 0 0 0
5 8 40 0 0 0
6 1 41 0 0 0
6 2 42 0 0 0
6 3 43 0 0 0
6 4 44 0 0 0
6 5 45 0 0 0
6 6 46 0 0 0
6 7 47 0 0 0
6 8 48 0 0 0
7 1 49 0 0 0
7 2 50 0 0 0
7 3 51 0 0 0
7 4 52 0 0 0
7 5 53 0 0 0
7 6 54 0 0 0
7 7 55 0 0 0
7 8 56 0 0 0
